{
 "cells": [
  {
   "cell_type": "code",
   "execution_count": 2,
   "metadata": {},
   "outputs": [],
   "source": [
    "import json\n",
    "from pathlib import Path\n",
    "# Transforms the metadata of the klevr format to one needed for nerfstudio"
   ]
  },
  {
   "cell_type": "code",
   "execution_count": null,
   "metadata": {},
   "outputs": [],
   "source": [
    "PATH = Path(\"/data/vision/polina/projects/wmh/dhollidt/klevr_nesf/klevr_nesf/0/metadata.json\")\n",
    "\n",
    "with open(PATH) as f:\n",
    "    data = json.load(f)"
   ]
  },
  {
   "cell_type": "code",
   "execution_count": 3,
   "metadata": {},
   "outputs": [],
   "source": [
    "import numpy as np\n",
    "from scipy.spatial.transform import Rotation\n",
    "\n",
    "def blender_quat2rot(quaternion):\n",
    "  \"\"\"Convert quaternion to rotation matrix.\n",
    "  Equivalent to, but support batched case:\n",
    "  ```python\n",
    "  rot3x3 = mathutils.Quaternion(quaternion).to_matrix()\n",
    "  ```\n",
    "  Args:\n",
    "    quaternion:\n",
    "  Returns:\n",
    "    rotation matrix\n",
    "  \"\"\"\n",
    "  quaternion = np.asarray(quaternion)\n",
    "\n",
    "  # Note: Blender first cast to double values for numerical precision while\n",
    "  # we're using float32.\n",
    "  q = np.sqrt(2) * quaternion\n",
    "\n",
    "  q0 = q[..., 0]\n",
    "  q1 = q[..., 1]\n",
    "  q2 = q[..., 2]\n",
    "  q3 = q[..., 3]\n",
    "\n",
    "  qda = q0 * q1\n",
    "  qdb = q0 * q2\n",
    "  qdc = q0 * q3\n",
    "  qaa = q1 * q1\n",
    "  qab = q1 * q2\n",
    "  qac = q1 * q3\n",
    "  qbb = q2 * q2\n",
    "  qbc = q2 * q3\n",
    "  qcc = q3 * q3\n",
    "\n",
    "  # Note: idx are inverted as blender and numpy convensions do not\n",
    "  # match (x, y) -> (y, x)\n",
    "  rotation = np.empty((*quaternion.shape[:-1], 3, 3), dtype=np.float32)\n",
    "  rotation[..., 0, 0] = 1.0 - qbb - qcc\n",
    "  rotation[..., 1, 0] = qdc + qab\n",
    "  rotation[..., 2, 0] = -qdb + qac\n",
    "\n",
    "  rotation[..., 0, 1] = -qdc + qab\n",
    "  rotation[..., 1, 1] = 1.0 - qaa - qcc\n",
    "  rotation[..., 2, 1] = qda + qbc\n",
    "\n",
    "  rotation[..., 0, 2] = qdb + qac\n",
    "  rotation[..., 1, 2] = -qda + qbc\n",
    "  rotation[..., 2, 2] = 1.0 - qaa - qbb\n",
    "  return rotation\n",
    "\n",
    "def position_quaternion_to_transformation_matrix(position, quaternion):\n",
    "    # Create a rotation object from the quaternion\n",
    "    rotation_matrix = blender_quat2rot(quaternion)\n",
    "    \n",
    "    # Get the rotation matrix from the rotation object\n",
    "    # rotation_matrix = rotation.as_matrix()\n",
    "    \n",
    "    # Combine the rotation matrix and the position vector into a transformation matrix\n",
    "    transformation_matrix = np.eye(4)\n",
    "    transformation_matrix[:3, :3] = rotation_matrix\n",
    "    transformation_matrix[:3, 3] = position\n",
    "    \n",
    "    return transformation_matrix\n",
    "\n",
    "\n",
    "def meta_data_to_nerfstudio_transform(metadata):\n",
    "    aabb_scale = metadata[\"scene_boundaries\"][\"max\"][0] - metadata[\"scene_boundaries\"][\"min\"][0] \n",
    "    camera_angle_x = metadata[\"camera\"][\"field_of_view\"]\n",
    "    cx = metadata[\"metadata\"][\"width\"] / 2\n",
    "    cy = metadata[\"metadata\"][\"height\"] / 2\n",
    "    sensor_width = metadata[\"camera\"][\"sensor_width\"]\n",
    "    focal_length = metadata[\"camera\"][\"focal_length\"]\n",
    "    h = metadata[\"camera\"][\"height\"]\n",
    "    w = metadata[\"camera\"][\"width\"]\n",
    "    fl_x = focal_length * h / sensor_width\n",
    "    fl_y = focal_length * w / sensor_width\n",
    "    \n",
    "    transformation_matrices = [position_quaternion_to_transformation_matrix(position, quaternion)\n",
    "                               for position, quaternion in zip(metadata[\"camera\"][\"positions\"], metadata[\"camera\"][\"quaternions\"])]\n",
    "    frame_list = [\n",
    "        {\n",
    "            \"file_path\": f\"rgba_{i:05d}.png\",\n",
    "            \"depth_file_path\": f\"depth_{i:05d}.tiff\",\n",
    "            \"transform_matrix\": transformation_matrix.tolist(),\n",
    "        }\n",
    "        for i, transformation_matrix in enumerate(transformation_matrices)\n",
    "    ]\n",
    "    return {\n",
    "        \"aabb_scale\": aabb_scale,\n",
    "        \"camera_angle_x\": camera_angle_x,\n",
    "        \"cx\": cx,\n",
    "        \"cy\": cy,\n",
    "        \"fl_x\": fl_x,\n",
    "        \"fl_y\": fl_y,\n",
    "        \"w\": w,\n",
    "        \"h\": h,\n",
    "        \"frames\": frame_list,\n",
    "    }\n",
    "    "
   ]
  },
  {
   "cell_type": "code",
   "execution_count": 49,
   "metadata": {},
   "outputs": [],
   "source": [
    "transforms = meta_data_to_nerfstudio_transform(data)\n",
    "\n",
    "# save the dict as json to a file\n",
    "OUTPATH = Path(\"/data/vision/polina/projects/wmh/dhollidt/klevr_nesf/klevr_nesf/0/transforms.json\")\n",
    "with open(OUTPATH, \"w\") as outfile:\n",
    "    json.dump(transforms, outfile, indent=4)"
   ]
  },
  {
   "cell_type": "code",
   "execution_count": 4,
   "metadata": {},
   "outputs": [],
   "source": [
    "IN_FOLDER_PATH = Path(\"/data/vision/polina/projects/wmh/dhollidt/datasets/toybox-5\")\n",
    "\n",
    "# iterate over all folders in the input folder\n",
    "for folder in IN_FOLDER_PATH.iterdir():\n",
    "    # check if the folder contains a metadata.json file\n",
    "    if (folder / \"metadata.json\").is_file():\n",
    "        # load the metadata.json file\n",
    "        with open(folder / \"metadata.json\") as f:\n",
    "            data = json.load(f)\n",
    "        # convert the metadata to the nerfstudio format\n",
    "        transforms = meta_data_to_nerfstudio_transform(data)\n",
    "        # save the dict as json to a file\n",
    "        with open(folder / \"transforms.json\", \"w\") as outfile:\n",
    "            json.dump(transforms, outfile, indent=4)"
   ]
  },
  {
   "cell_type": "code",
   "execution_count": 48,
   "metadata": {},
   "outputs": [
    {
     "name": "stdout",
     "output_type": "stream",
     "text": [
      "[[-0.6563112735748291, -0.2909194827079773, 0.6961474418640137, 7.481130123138428], [0.7544901371002197, -0.25306326150894165, 0.6055604815483093, 6.5076398849487305], [2.638547513811318e-08, 0.9226726293563843, 0.3855842351913452, 4.143670082092285], [0.0, 0.0, 0.0, 1.0]]\n",
      "[[-0.6563113331794739, -0.35794076323509216, 0.6641790866851807, 7.481130123138428], [0.7544901967048645, -0.3113633394241333, 0.5777520537376404, 6.5076398849487305], [1.7304603971979304e-08, 0.8803017735481262, 0.4744141101837158, 5.343669891357422], [0.0, 0.0, 0.0, 1.0]]\n",
      "[[-0.6563113331794739, -0.41558095812797546, 0.6297205090522766, 7.481130123138428], [0.7544901967048645, -0.36150309443473816, 0.5477774143218994, 6.5076398849487305], [2.6025885446756547e-08, 0.8346304893493652, 0.5508102774620056, 6.543670177459717], [0.0, 0.0, 0.0, 1.0]]\n",
      "[[-0.6563112735748291, -0.4643932580947876, 0.5946379899978638, 7.481130123138428], [0.7544901967048645, -0.40396350622177124, 0.5172600746154785, 6.5076398849487305], [-1.655165959846272e-08, 0.7881321907043457, 0.6155059933662415, 7.7436699867248535], [0.0, 0.0, 0.0, 1.0]]\n",
      "[[-0.7171435952186584, -0.26872342824935913, 0.6430339813232422, 6.9103474617004395], [0.6969253420829773, -0.276519238948822, 0.6616888046264648, 7.110821723937988], [4.612326520714305e-09, 0.9226726293563843, 0.3855842351913452, 4.143670082092285], [0.0, 0.0, 0.0, 1.0]]\n",
      "[[-0.717143714427948, -0.33063122630119324, 0.6135046482086182, 6.9103474617004395], [0.6969254016876221, -0.3402230739593506, 0.6313028931617737, 7.110821723937988], [-2.068374271857465e-08, 0.880301833152771, 0.47441408038139343, 5.343669891357422], [0.0, 0.0, 0.0, 1.0]]\n",
      "[[-0.7171436548233032, -0.38387367129325867, 0.581675112247467, 6.9103474617004395], [0.6969253420829773, -0.3950100839138031, 0.5985499620437622, 7.110821723937988], [-1.1294076784906792e-08, 0.8346304893493652, 0.5508102774620056, 6.543670177459717], [0.0, 0.0, 0.0, 1.0]]\n",
      "[[-0.717143714427948, -0.42896175384521484, 0.5492693185806274, 6.9103474617004395], [0.6969253420829773, -0.4414062798023224, 0.5652040243148804, 7.110821723937988], [1.6737416785872483e-08, 0.7881321907043457, 0.6155059933662415, 7.7436699867248535], [0.0, 0.0, 0.0, 1.0]]\n",
      "[[-0.7729457020759583, -0.24464240670204163, 0.5854100584983826, 6.291093349456787], [0.6344720721244812, -0.2980356514453888, 0.713175892829895, 7.664125919342041], [1.0010445805619383e-08, 0.9226726293563843, 0.3855842351913452, 4.143670082092285], [0.0, 0.0, 0.0, 1.0]]\n",
      "[[-0.7729458212852478, -0.30100250244140625, 0.5585269331932068, 6.291093349456787], [0.6344720721244812, -0.36669641733169556, 0.6804255843162537, 7.664125919342041], [-1.8172734428389958e-09, 0.880301833152771, 0.47441408038139343, 5.343669891357422], [0.0, 0.0, 0.0, 1.0]]\n",
      "[[-0.7729457020759583, -0.3494737446308136, 0.5295497179031372, 6.291093349456787], [0.6344720721244812, -0.4257464110851288, 0.645124077796936, 7.664125919342041], [-1.0140233541733323e-08, 0.8346304297447205, 0.5508102774620056, 6.543670177459717], [0.0, 0.0, 0.0, 1.0]]\n",
      "[[-0.7729456424713135, -0.3905213475227356, 0.5000478625297546, 6.291093349456787], [0.6344720721244812, -0.47575268149375916, 0.6091834306716919, 7.664125919342041], [6.773788641112333e-09, 0.7881321310997009, 0.6155060529708862, 7.7436699867248535], [0.0, 0.0, 0.0, 1.0]]\n",
      "[[-0.8233261704444885, -0.2188454270362854, 0.5236799716949463, 5.627712249755859], [0.5675684809684753, -0.3174614906311035, 0.759660542011261, 8.163671493530273], [-1.73382641577291e-08, 0.922672688961029, 0.38558414578437805, 4.143670082092285], [0.0, 0.0, 0.0, 1.0]]\n",
      "[[-0.8233261704444885, -0.26926252245903015, 0.4996315836906433, 5.627712249755859], [0.5675685405731201, -0.3905976116657257, 0.724775493144989, 8.163671493530273], [3.3809914867788393e-09, 0.8803017735481262, 0.4744141399860382, 5.343669891357422], [0.0, 0.0, 0.0, 1.0]]\n",
      "[[-0.8233261108398438, -0.3126225471496582, 0.47370997071266174, 5.627712249755859], [0.5675684809684753, -0.453496515750885, 0.6871731281280518, 8.163671493530273], [1.7966840459848754e-08, 0.8346304297447205, 0.5508102774620056, 6.543670177459717], [0.0, 0.0, 0.0, 1.0]]\n",
      "[[-0.8233261704444885, -0.34934180974960327, 0.44731900095939636, 5.627712249755859], [0.5675684809684753, -0.5067622661590576, 0.6488898396492004, 8.163671493530273], [1.378145952912746e-08, 0.7881321907043457, 0.6155060529708862, 7.7436699867248535], [0.0, 0.0, 0.0, 1.0]]\n",
      "[[-0.867931604385376, -0.19151343405246735, 0.45827656984329224, 4.924856662750244], [0.496683806180954, -0.33466076850891113, 0.8008167147636414, 8.605955123901367], [2.991897218862505e-08, 0.9226726293563843, 0.3855842351913452, 4.143670082092285], [0.0, 0.0, 0.0, 1.0]]\n",
      "[[-0.867931604385376, -0.23563382029533386, 0.4372316598892212, 4.924856662750244], [0.49668383598327637, -0.41175907850265503, 0.7640417218208313, 8.605955123901367], [2.2637015817394968e-08, 0.8803017735481262, 0.4744141399860382, 5.343669891357422], [0.0, 0.0, 0.0, 1.0]]\n",
      "[[-0.8679314851760864, -0.27357855439186096, 0.4145474433898926, 4.924856662750244], [0.496683806180954, -0.478065550327301, 0.724402129650116, 8.605955123901367], [-1.5595942315371758e-08, 0.8346304893493652, 0.5508102774620056, 6.543670177459717], [0.0, 0.0, 0.0, 1.0]]\n",
      "[[-0.867931604385376, -0.30571189522743225, 0.39145249128341675, 4.924856662750244], [0.496683806180954, -0.534217119216919, 0.6840447783470154, 8.605955123901367], [-3.5084557481468437e-10, 0.7881321907043457, 0.6155060529708862, 7.7436699867248535], [0.0, 0.0, 0.0, 1.0]]\n",
      "[[-0.9064490795135498, -0.16283804178237915, 0.38965868949890137, 4.1874566078186035], [0.42231518030166626, -0.34951239824295044, 0.8363558053970337, 8.987874984741211], [-7.1330958917315e-09, 0.922672688961029, 0.38558414578437805, 4.143670082092285], [0.0, 0.0, 0.0, 1.0]]\n",
      "[[-0.9064491391181946, -0.20035229623317719, 0.3717648386955261, 4.1874566078186035], [0.42231521010398865, -0.43003231287002563, 0.7979487776756287, 8.987874984741211], [6.583799616599606e-10, 0.880301833152771, 0.47441408038139343, 5.343669891357422], [0.0, 0.0, 0.0, 1.0]]\n",
      "[[-0.906449019908905, -0.23261553049087524, 0.35247713327407837, 4.1874566078186035], [0.42231518030166626, -0.4992814064025879, 0.7565500140190125, 8.987874984741211], [3.0164954978317837e-09, 0.8346304893493652, 0.5508102774620056, 6.543670177459717], [0.0, 0.0, 0.0, 1.0]]\n",
      "[[-0.9064489603042603, -0.2599375247955322, 0.3328401744365692, 4.1874566078186035], [0.42231518030166626, -0.5579248070716858, 0.7144016623497009, 8.987874984741211], [4.9604853558093964e-09, 0.7881321907043457, 0.6155059933662415, 7.7436699867248535], [0.0, 0.0, 0.0, 1.0]]\n",
      "[[-0.9386083483695984, -0.1330205202102661, 0.31830766797065735, 3.420684814453125], [0.34498438239097595, -0.3619125187397003, 0.8660283088684082, 9.306750297546387], [7.733554241440288e-09, 0.9226726293563843, 0.3855842053890228, 4.143670082092285], [0.0, 0.0, 0.0, 1.0]]\n",
      "[[-0.9386083483695984, -0.16366545855998993, 0.3036903738975525, 3.420684814453125], [0.34498438239097595, -0.4452890157699585, 0.826258659362793, 9.306750297546387], [-6.634229166024852e-09, 0.8803017735481262, 0.4744141101837158, 5.343669891357422], [0.0, 0.0, 0.0, 1.0]]\n",
      "[[-0.9386084675788879, -0.19002094864845276, 0.28793448209762573, 3.420684814453125], [0.34498441219329834, -0.5169952511787415, 0.7833911776542664, 9.306750297546387], [1.2638314395019279e-08, 0.8346304893493652, 0.5508102774620056, 6.543670177459717], [0.0, 0.0, 0.0, 1.0]]\n",
      "[[-0.9386084675788879, -0.21233996748924255, 0.27189329266548157, 3.420684814453125], [0.34498438239097595, -0.5777191519737244, 0.7397475242614746, 9.306750297546387], [2.7573383576395827e-09, 0.7881321907043457, 0.6155059933662415, 7.7436699867248535], [0.0, 0.0, 0.0, 1.0]]\n",
      "[[-0.9641842246055603, -0.10226993262767792, 0.24472393095493317, 2.6299190521240234], [0.26523375511169434, -0.37177416682243347, 0.8896263837814331, 9.560345649719238], [-2.1609912470577086e-10, 0.922672688961029, 0.38558414578437805, 4.143670082092285], [0.0, 0.0, 0.0, 1.0]]\n",
      "[[-0.9641841650009155, -0.12583063542842865, 0.23348574340343475, 2.6299190521240234], [0.26523375511169434, -0.4574226438999176, 0.8487730026245117, 9.560345649719238], [1.0824726892622039e-08, 0.8803017735481262, 0.4744141399860382, 5.343669891357422], [0.0, 0.0, 0.0, 1.0]]\n",
      "[[-0.9641841053962708, -0.1460934728384018, 0.22137217223644257, 2.6299190521240234], [0.26523375511169434, -0.5310825109481812, 0.8047374486923218, 9.560345649719238], [9.450067395277983e-10, 0.8346304893493652, 0.5508102774620056, 6.543670177459717], [0.0, 0.0, 0.0, 1.0]]\n",
      "[[-0.9641841650009155, -0.16325296461582184, 0.20903925597667694, 2.6299190521240234], [0.26523375511169434, -0.5934612154960632, 0.7599045634269714, 9.560345649719238], [4.402735509501099e-09, 0.7881321907043457, 0.6155060529708862, 7.7436699867248535], [0.0, 0.0, 0.0, 1.0]]\n",
      "[[-0.9829968214035034, -0.0708019956946373, 0.16942362487316132, 1.8207064867019653], [0.18362267315387726, -0.3790280520915985, 0.906984269618988, 9.746882438659668], [3.174463358845969e-09, 0.9226726293563843, 0.3855842053890228, 4.143670082092285], [0.0, 0.0, 0.0, 1.0]]\n",
      "[[-0.9829968214035034, -0.08711318671703339, 0.1616433709859848, 1.8207064867019653], [0.18362267315387726, -0.4663475751876831, 0.8653338551521301, 9.746882438659668], [4.405409370633606e-10, 0.8803017735481262, 0.4744141101837158, 5.343669891357422], [0.0, 0.0, 0.0, 1.0]]\n",
      "[[-0.9829968214035034, -0.10114125162363052, 0.1532570868730545, 1.8207064867019653], [0.18362267315387726, -0.541444718837738, 0.8204391002655029, 9.746882438659668], [-4.05350375487501e-09, 0.8346304893493652, 0.5508102178573608, 6.543670177459717], [0.0, 0.0, 0.0, 1.0]]\n",
      "[[-0.9829968810081482, -0.1130208671092987, 0.1447189450263977, 1.8207064867019653], [0.18362268805503845, -0.6050404906272888, 0.774731457233429, 9.746882438659668], [5.214848552981266e-09, 0.7881321907043457, 0.6155059933662415, 7.7436699867248535], [0.0, 0.0, 0.0, 1.0]]\n",
      "[[-0.9949144124984741, -0.03883744403719902, 0.09293494373559952, 0.9987229108810425], [0.10072363913059235, -0.38362330198287964, 0.9179803133010864, 9.86505126953125], [2.7371389599295526e-09, 0.9226726293563843, 0.3855842351913452, 4.143670082092285], [0.0, 0.0, 0.0, 1.0]]\n",
      "[[-0.9949145913124084, -0.0477847196161747, 0.08866720646619797, 0.9987229108810425], [0.10072364658117294, -0.4720015525817871, 0.875825047492981, 9.86505126953125], [-2.8314794953132605e-09, 0.880301833152771, 0.47441408038139343, 5.343669891357422], [0.0, 0.0, 0.0, 1.0]]\n",
      "[[-0.9949145317077637, -0.055479615926742554, 0.08406701683998108, 0.9987229108810425], [0.10072363913059235, -0.5480091571807861, 0.8303859233856201, 9.86505126953125], [2.490031736357423e-09, 0.8346304893493652, 0.5508102774620056, 6.543670177459717], [0.0, 0.0, 0.0, 1.0]]\n",
      "[[-0.9949143528938293, -0.06199599802494049, 0.07938354462385178, 0.9987229108810425], [0.10072363168001175, -0.6123757362365723, 0.7841240763664246, 9.86505126953125], [2.3024315787267824e-10, 0.7881321907043457, 0.6155059933662415, 7.7436699867248535], [0.0, 0.0, 0.0, 1.0]]\n",
      "[[-0.9998534917831421, -0.006600465625524521, 0.01579439640045166, 0.16973406076431274], [0.017118092626333237, -0.38552772998809814, 0.9225375056266785, 9.914024353027344], [3.906955314825211e-10, 0.922672688961029, 0.38558417558670044, 4.143670082092285], [0.0, 0.0, 0.0, 1.0]]\n",
      "[[-0.9998534321784973, -0.008121064864099026, 0.015069087035953999, 0.16973406076431274], [0.017118092626333237, -0.4743446111679077, 0.8801727890968323, 9.914024353027344], [1.2167078455860292e-10, 0.8803017735481262, 0.4744141399860382, 5.343669891357422], [0.0, 0.0, 0.0, 1.0]]\n",
      "[[-0.9998534321784973, -0.009428820572793484, 0.014287281781435013, 0.16973406076431274], [0.017118092626333237, -0.550729513168335, 0.8345081806182861, 9.914024353027344], [-9.5322083559779e-11, 0.8346304297447205, 0.5508102774620056, 6.543670177459717], [0.0, 0.0, 0.0, 1.0]]\n",
      "[[-0.9998534917831421, -0.01053628884255886, 0.013491320423781872, 0.16973406076431274], [0.017118092626333237, -0.6154158115386963, 0.7880167365074158, 9.914024353027344], [3.229159994955211e-10, 0.7881321907043457, 0.6155059933662415, 7.7436699867248535], [0.0, 0.0, 0.0, 1.0]]\n",
      "[[-0.9977792501449585, 0.025682805106043816, -0.061456941068172455, -0.6604453921318054], [-0.0666075199842453, -0.3847278356552124, 0.9206236600875854, 9.893457412719727], [1.0700960118015246e-09, 0.922672688961029, 0.38558411598205566, 4.143670082092285], [0.0, 0.0, 0.0, 1.0]]\n",
      "[[-0.9977792501449585, 0.03159954771399498, -0.05863472446799278, -0.6604453921318054], [-0.0666075274348259, -0.4733605682849884, 0.878346860408783, 9.893457412719727], [-2.2087780493507125e-09, 0.8803017735481262, 0.4744141101837158, 5.343669891357422], [0.0, 0.0, 0.0, 1.0]]\n",
      "[[-0.9977792501449585, 0.03668810799717903, -0.055592671036720276, -0.6604453921318054], [-0.0666075274348259, -0.549587070941925, 0.8327769637107849, 9.893457412719727], [1.304343077990211e-09, 0.8346304893493652, 0.5508102774620056, 6.543670177459717], [0.0, 0.0, 0.0, 1.0]]\n",
      "[[-0.9977793097496033, 0.04099733382463455, -0.05249553546309471, -0.6604453921318054], [-0.0666075274348259, -0.614139199256897, 0.7863819599151611, 9.893457412719727], [-8.867625522768208e-10, 0.7881321907043457, 0.6155059933662415, 7.7436699867248535], [0.0, 0.0, 0.0, 1.0]]\n",
      "[[-0.9887062311172485, 0.057785939425230026, -0.13827720284461975, -1.4859923124313354], [-0.14986594021320343, -0.3812294900417328, 0.9122522473335266, 9.803494453430176], [-2.1000468031218134e-09, 0.9226725697517395, 0.3855842649936676, 4.143670082092285], [0.0, 0.0, 0.0, 1.0]]\n",
      "[[-0.9887064099311829, 0.07109852135181427, -0.1319272667169571, -1.4859923124313354], [-0.14986595511436462, -0.4690563380718231, 0.8703599572181702, 9.803494453430176], [3.248539215405799e-10, 0.880301833152771, 0.4744141101837158, 5.343669891357422], [0.0, 0.0, 0.0, 1.0]]\n",
      "[[-0.9887064099311829, 0.08254771679639816, -0.12508268654346466, -1.4859923124313354], [-0.14986595511436462, -0.5445896983146667, 0.8252044320106506, 9.803494453430176], [4.025822786246636e-09, 0.8346304893493652, 0.5508102774620056, 6.543670177459717], [0.0, 0.0, 0.0, 1.0]]\n",
      "[[-0.9887063503265381, 0.09224338829517365, -0.1181141808629036, -1.4859923124313354], [-0.14986594021320343, -0.6085546612739563, 0.7792313098907471, 9.803494453430176], [-7.504610266551026e-10, 0.7881321907043457, 0.6155059933662415, 7.7436699867248535], [0.0, 0.0, 0.0, 1.0]]\n",
      "[[-0.9726982712745667, 0.08948373794555664, -0.2141275405883789, -2.3011159896850586], [-0.23207314312458038, -0.37505707144737244, 0.89748215675354, 9.644767761230469], [4.244075313408757e-09, 0.9226726293563843, 0.38558417558670044, 4.143670082092285], [0.0, 0.0, 0.0, 1.0]]\n",
      "[[-0.9726982712745667, 0.11009877920150757, -0.20429441332817078, -2.3011159896850586], [-0.23207315802574158, -0.46146175265312195, 0.856268048286438, 9.644767761230469], [1.1602718785752586e-09, 0.8803017735481262, 0.4744141399860382, 5.343669891357422], [0.0, 0.0, 0.0, 1.0]]\n",
      "[[-0.9726983904838562, 0.12782828509807587, -0.1936953365802765, -2.3011159896850586], [-0.23207315802574158, -0.5357723236083984, 0.8118436932563782, 9.644767761230469], [-4.855161161998467e-09, 0.8346304893493652, 0.5508102774620056, 6.543670177459717], [0.0, 0.0, 0.0, 1.0]]\n",
      "[[-0.9726982712745667, 0.14284242689609528, -0.18290431797504425, -2.3011159896850586], [-0.23207315802574158, -0.5987015962600708, 0.7666148543357849, 9.644767761230469], [5.277068559905729e-09, 0.7881321907043457, 0.6155059933662415, 7.7436699867248535], [0.0, 0.0, 0.0, 1.0]]\n",
      "[[-0.9498676657676697, 0.1205538734793663, -0.28847596049308777, -3.1000990867614746], [-0.3126525580883026, -0.36625397205352783, 0.8764168620109558, 9.418390274047852], [1.4020917760149132e-09, 0.922672688961029, 0.38558414578437805, 4.143670082092285], [0.0, 0.0, 0.0, 1.0]]\n",
      "[[-0.9498676657676697, 0.14832676947116852, -0.2752285897731781, -3.1000990867614746], [-0.3126525282859802, -0.4506306052207947, 0.8361701965332031, 9.418390274047852], [2.1870502631138322e-10, 0.880301833152771, 0.47441405057907104, 5.343669891357422], [0.0, 0.0, 0.0, 1.0]]\n",
      "[[-0.9498675465583801, 0.17221222817897797, -0.26094934344291687, -3.1000990867614746], [-0.3126525282859802, -0.5231967568397522, 0.7927883863449097, 9.418390274047852], [5.567922123361768e-09, 0.8346304893493652, 0.5508102774620056, 6.543670177459717], [0.0, 0.0, 0.0, 1.0]]\n",
      "[[-0.9498675465583801, 0.1924395114183426, -0.24641153216362, -3.1000990867614746], [-0.3126525282859802, -0.5846492052078247, 0.7486212253570557, 9.418390274047852], [1.1712844028011205e-09, 0.7881321907043457, 0.6155059933662415, 7.7436699867248535], [0.0, 0.0, 0.0, 1.0]]\n",
      "[[-0.9203742742538452, 0.1507783979177475, -0.3608008921146393, -3.8773372173309326], [-0.3910388946533203, -0.35488176345825195, 0.8492041230201721, 9.125948905944824], [3.3752982631085615e-09, 0.9226727485656738, 0.38558411598205566, 4.143670082092285], [0.0, 0.0, 0.0, 1.0]]\n",
      "[[-0.9203742146492004, 0.18551436066627502, -0.3442322611808777, -3.8773372173309326], [-0.3910388946533203, -0.4366385340690613, 0.8102070689201355, 9.125948905944824], [-1.0565344155111234e-08, 0.880301833152771, 0.47441408038139343, 5.343669891357422], [0.0, 0.0, 0.0, 1.0]]\n",
      "[[-0.9203742146492004, 0.215388223528862, -0.32637298107147217, -3.8773372173309326], [-0.3910388946533203, -0.5069515705108643, 0.7681723833084106, 9.125948905944824], [-2.0343815521073338e-10, 0.8346304893493652, 0.5508102178573608, 6.543670177459717], [0.0, 0.0, 0.0, 1.0]]\n",
      "[[-0.9203740358352661, 0.24068675935268402, -0.30819031596183777, -3.8773372173309326], [-0.3910388648509979, -0.5664957165718079, 0.7253764867782593, 9.125948905944824], [1.5161578659217412e-09, 0.7881321907043457, 0.6155059933662415, 7.7436699867248535], [0.0, 0.0, 0.0, 1.0]]\n",
      "[[-0.8844249248504639, 0.17994533479213715, -0.4305950701236725, -4.627378463745117], [-0.4666823744773865, -0.3410201966762543, 0.816034734249115, 8.769495964050293], [1.9195139699945685e-08, 0.922672688961029, 0.38558414578437805, 4.143670082092285], [0.0, 0.0, 0.0, 1.0]]\n",
      "[[-0.8844249248504639, 0.2214006781578064, -0.4108213484287262, -4.627378463745117], [-0.4666823744773865, -0.41958358883857727, 0.7785609364509583, 8.769495964050293], [9.463596128966856e-09, 0.880301833152771, 0.47441408038139343, 5.343669891357422], [0.0, 0.0, 0.0, 1.0]]\n",
      "[[-0.8844249844551086, 0.2570534348487854, -0.38950735330581665, -4.627378463745117], [-0.4666823744773865, -0.4871503710746765, 0.7381680607795715, 8.769495964050293], [7.692133152659153e-09, 0.8346304893493652, 0.5508102178573608, 6.543670177459717], [0.0, 0.0, 0.0, 1.0]]\n",
      "[[-0.8844250440597534, 0.2872457802295685, -0.36780741810798645, -4.627378463745117], [-0.4666823744773865, -0.5443689227104187, 0.6970438361167908, 8.769495964050293], [-5.916733769595339e-09, 0.7881322503089905, 0.6155059933662415, 7.7436699867248535], [0.0, 0.0, 0.0, 1.0]]\n",
      "[[-0.8422722220420837, 0.20785009860992432, -0.4973689317703247, -5.344962120056152], [-0.539052426815033, -0.3247668147087097, 0.7771415710449219, 8.351531028747559], [1.851979369860146e-08, 0.922672688961029, 0.38558414578437805, 4.143670082092285], [0.0, 0.0, 0.0, 1.0]]\n",
      "[[-0.8422722816467285, 0.25573405623435974, -0.47452884912490845, -5.344962120056152], [-0.539052426815033, -0.3995858430862427, 0.7414537668228149, 8.351531028747559], [-1.1048442161154526e-09, 0.880301833152771, 0.47441408038139343, 5.343669891357422], [0.0, 0.0, 0.0, 1.0]]\n",
      "[[-0.8422721028327942, 0.29691559076309204, -0.4499095678329468, -5.344962120056152], [-0.539052426815033, -0.4639320969581604, 0.7029860615730286, 8.351531028747559], [3.488702660092713e-09, 0.8346304893493652, 0.5508102774620056, 6.543670177459717], [0.0, 0.0, 0.0, 1.0]]\n",
      "[[-0.842272162437439, 0.3317900002002716, -0.4248445928096771, -5.344962120056152], [-0.539052426815033, -0.5184235572814941, 0.6638218760490417, 8.351531028747559], [8.144417917854696e-10, 0.7881321907043457, 0.6155059933662415, 7.7436699867248535], [0.0, 0.0, 0.0, 1.0]]\n",
      "[[-0.7942114472389221, 0.23429693281650543, -0.5606541633605957, -6.025054454803467], [-0.6076414585113525, -0.30623531341552734, 0.7327972650527954, 7.874985694885254], [4.459949565216448e-08, 0.922672688961029, 0.38558414578437805, 4.143670082092285], [0.0, 0.0, 0.0, 1.0]]\n",
      "[[-0.7942115068435669, 0.2882736921310425, -0.534907877445221, -6.025054454803467], [-0.6076414585113525, -0.37678515911102295, 0.6991457939147949, 7.874985694885254], [1.1608948469188363e-08, 0.8803017735481262, 0.4744141101837158, 5.343669891357422], [0.0, 0.0, 0.0, 1.0]]\n",
      "[[-0.7942115068435669, 0.33469513058662415, -0.5071560740470886, -6.025054454803467], [-0.6076414585113525, -0.4374598562717438, 0.6628731489181519, 7.874985694885254], [9.47945721918586e-10, 0.8346304893493652, 0.5508102774620056, 6.543670177459717], [0.0, 0.0, 0.0, 1.0]]\n",
      "[[-0.7942114472389221, 0.3740069568157196, -0.47890177369117737, -6.025054454803467], [-0.6076414585113525, -0.4888419210910797, 0.6259436011314392, 7.874985694885254], [5.850495199410943e-09, 0.7881321907043457, 0.6155059933662415, 7.7436699867248535], [0.0, 0.0, 0.0, 1.0]]\n",
      "[[-0.7405799627304077, 0.2591003179550171, -0.6200067400932312, -6.662885665893555], [-0.6719682216644287, -0.2855559289455414, 0.6833128929138184, 7.343203544616699], [-1.8385492239758605e-08, 0.9226726293563843, 0.38558417558670044, 4.143670082092285], [0.0, 0.0, 0.0, 1.0]]\n",
      "[[-0.7405799627304077, 0.3187912106513977, -0.5915348529815674, -6.662885665893555], [-0.6719682216644287, -0.35134157538414, 0.6519338488578796, 7.343203544616699], [-1.2043342323408979e-08, 0.8803017735481262, 0.4744141101837158, 5.343669891357422], [0.0, 0.0, 0.0, 1.0]]\n",
      "[[-0.7405799031257629, 0.37012699246406555, -0.560845136642456, -6.662885665893555], [-0.6719682216644287, -0.4079189896583557, 0.6181105971336365, 7.343203544616699], [-2.958628897431481e-09, 0.8346304297447205, 0.5508102774620056, 6.543670177459717], [0.0, 0.0, 0.0, 1.0]]\n",
      "[[-0.7405799031257629, 0.41360047459602356, -0.5295997858047485, -6.662885665893555], [-0.6719682216644287, -0.455831378698349, 0.5836749076843262, 7.343203544616699], [-2.7630875365503016e-09, 0.7881321907043457, 0.6155059933662415, 7.7436699867248535], [0.0, 0.0, 0.0, 1.0]]\n",
      "[[-0.6817537546157837, 0.2820862829685211, -0.6750104427337646, -7.253981590270996], [-0.7315816879272461, -0.26287341117858887, 0.6290355920791626, 6.759913921356201], [1.5748607751220334e-08, 0.922672688961029, 0.38558411598205566, 4.143670082092285], [0.0, 0.0, 0.0, 1.0]]\n",
      "[[-0.6817538142204285, 0.34707269072532654, -0.6440126895904541, -7.253981590270996], [-0.7315816879272461, -0.32343366742134094, 0.6001490950584412, 6.759913921356201], [-8.642253135349165e-09, 0.880301833152771, 0.4744141101837158, 5.343669891357422], [0.0, 0.0, 0.0, 1.0]]\n",
      "[[-0.6817538142204285, 0.40296268463134766, -0.6106004118919373, -7.253981590270996], [-0.7315816879272461, -0.37551698088645935, 0.5690125226974487, 6.759913921356201], [-1.3581768598669441e-08, 0.8346304893493652, 0.5508102178573608, 6.543670177459717], [0.0, 0.0, 0.0, 1.0]]\n",
      "[[-0.6817537546157837, 0.4502929151058197, -0.5765830874443054, -7.253981590270996], [-0.7315816879272461, -0.4196234941482544, 0.5373120903968811, 6.759913921356201], [-4.766196326499994e-09, 0.7881321907043457, 0.6155059933662415, 7.7436699867248535], [0.0, 0.0, 0.0, 1.0]]\n",
      "[[-0.6181455850601196, 0.30309370160102844, -0.7252793908119202, -7.794195652008057], [-0.7860636115074158, -0.2383471578359604, 0.5703460574150085, 6.129208564758301], [3.0008315832219523e-09, 0.9226726293563843, 0.3855842053890228, 4.143670082092285], [0.0, 0.0, 0.0, 1.0]]\n",
      "[[-0.6181457042694092, 0.3729196786880493, -0.6919732093811035, -7.794195652008057], [-0.7860636711120605, -0.29325705766677856, 0.544154703617096, 6.129208564758301], [5.6529465553012415e-09, 0.880301833152771, 0.47441408038139343, 5.343669891357422], [0.0, 0.0, 0.0, 1.0]]\n",
      "[[-0.6181455254554749, 0.43297186493873596, -0.6560726165771484, -7.794195652008057], [-0.786063551902771, -0.34048086404800415, 0.5159231424331665, 6.129208564758301], [1.0874288136619725e-09, 0.8346304297447205, 0.5508102774620056, 6.543670177459717], [0.0, 0.0, 0.0, 1.0]]\n",
      "[[-0.6181455254554749, 0.4838268458843231, -0.6195220351219177, -7.794195652008057], [-0.7860636115074158, -0.3804722726345062, 0.4871804416179657, 6.129208564758301], [5.791932267129596e-09, 0.7881321907043457, 0.6155059933662415, 7.7436699867248535], [0.0, 0.0, 0.0, 1.0]]\n",
      "[[-0.5502015948295593, 0.32197505235671997, -0.7704610824584961, -8.279739379882812], [-0.8350318670272827, -0.21214905381202698, 0.5076559782028198, 5.455511093139648], [-1.943971028595115e-08, 0.922672688961029, 0.38558414578437805, 4.143670082092285], [0.0, 0.0, 0.0, 1.0]]\n",
      "[[-0.5502016544342041, 0.3961509168148041, -0.7350800633430481, -8.279739379882812], [-0.8350319266319275, -0.26102349162101746, 0.4843434691429138, 5.455511093139648], [-1.588802867047434e-08, 0.880301833152771, 0.47441408038139343, 5.343669891357422], [0.0, 0.0, 0.0, 1.0]]\n",
      "[[-0.5502015948295593, 0.45994409918785095, -0.6969430446624756, -8.279739379882812], [-0.8350318670272827, -0.30305665731430054, 0.4592150151729584, 5.455511093139648], [6.926885731672883e-09, 0.8346304893493652, 0.5508102774620056, 6.543670177459717], [0.0, 0.0, 0.0, 1.0]]\n",
      "[[-0.5502014756202698, 0.5139670968055725, -0.6581155061721802, -8.279739379882812], [-0.8350318074226379, -0.33865228295326233, 0.43363156914711, 5.455511093139648], [6.292463439194762e-09, 0.7881321907043457, 0.6155059933662415, 7.7436699867248535], [0.0, 0.0, 0.0, 1.0]]\n",
      "[[-0.4783981740474701, 0.33859801292419434, -0.8102384805679321, -8.707206726074219], [-0.8781429529190063, -0.18446272611618042, 0.44140496850013733, 4.743546962738037], [7.313586181112441e-09, 0.9226726293563843, 0.3855842053890228, 4.143670082092285], [0.0, 0.0, 0.0, 1.0]]\n",
      "[[-0.4783981740474701, 0.4166033864021301, -0.7730308175086975, -8.707206726074219], [-0.8781429529190063, -0.22695881128311157, 0.4211348295211792, 4.743546962738037], [-5.181952644761623e-09, 0.8803017735481262, 0.4744141101837158, 5.343669891357422], [0.0, 0.0, 0.0, 1.0]]\n",
      "[[-0.47839829325675964, 0.48369020223617554, -0.7329249382019043, -8.707206726074219], [-0.8781430125236511, -0.2635067105293274, 0.39928576350212097, 4.743546962738037], [-7.148717173777186e-09, 0.8346304893493652, 0.5508102774620056, 6.543670177459717], [0.0, 0.0, 0.0, 1.0]]\n",
      "[[-0.4783982038497925, 0.5405022501945496, -0.692092776298523, -8.707206726074219], [-0.8781429529190063, -0.2944568991661072, 0.3770410716533661, 4.743546962738037], [2.5687052485068307e-08, 0.7881321907043457, 0.6155059933662415, 7.7436699867248535], [0.0, 0.0, 0.0, 1.0]]\n",
      "[[-0.40323930978775024, 0.3528459668159485, -0.8443326950073242, -9.073598861694336], [-0.9150944948196411, -0.15548266470432281, 0.3720579147338867, 3.9983105659484863], [1.183488684830536e-08, 0.9226726293563843, 0.38558417558670044, 4.143670082092285], [0.0, 0.0, 0.0, 1.0]]\n",
      "[[-0.40323933959007263, 0.43413376808166504, -0.8055593967437744, -9.073598861694336], [-0.9150945544242859, -0.19130244851112366, 0.35497230291366577, 3.9983105659484863], [-1.7952377362462357e-08, 0.8803017735481262, 0.4744141101837158, 5.343669891357422], [0.0, 0.0, 0.0, 1.0]]\n",
      "[[-0.40323927998542786, 0.504043459892273, -0.7637657523155212, -9.073598861694336], [-0.9150944948196411, -0.22210830450057983, 0.3365558385848999, 3.9983105659484863], [5.464942276489637e-09, 0.8346304297447205, 0.5508102774620056, 6.543670177459717], [0.0, 0.0, 0.0, 1.0]]\n",
      "[[-0.40323927998542786, 0.5632461905479431, -0.7212154865264893, -9.073598861694336], [-0.9150945544242859, -0.24819618463516235, 0.3178058862686157, 3.9983105659484863], [1.139496497160053e-08, 0.7881321907043457, 0.6155059933662415, 7.7436699867248535], [0.0, 0.0, 0.0, 1.0]]\n",
      "[[-0.3252520263195038, 0.3646189570426941, -0.8725045323371887, -9.376346588134766], [-0.9456273913383484, -0.12541207671165466, 0.3001011312007904, 3.2250285148620605], [-3.093114031571531e-08, 0.922672688961029, 0.38558417558670044, 4.143670082092285], [0.0, 0.0, 0.0, 1.0]]\n",
      "[[-0.32525190711021423, 0.44861891865730286, -0.8324374556541443, -9.376346588134766], [-0.9456273317337036, -0.15430405735969543, 0.28631988167762756, 3.2250285148620605], [-2.978236324224781e-09, 0.8803017735481262, 0.4744141101837158, 5.343669891357422], [0.0, 0.0, 0.0, 1.0]]\n",
      "[[-0.3252519369125366, 0.5208612084388733, -0.7892494201660156, -9.376346588134766], [-0.9456273317337036, -0.17915207147598267, 0.2714652419090271, 3.2250285148620605], [9.434167225208512e-09, 0.8346304297447205, 0.5508102774620056, 6.543670177459717], [0.0, 0.0, 0.0, 1.0]]\n",
      "[[-0.32525190711021423, 0.5820393562316895, -0.7452793717384338, -9.376346588134766], [-0.9456273913383484, -0.20019449293613434, 0.25634151697158813, 3.2250285148620605], [-5.596206165137119e-09, 0.7881321907043457, 0.6155059933662415, 7.7436699867248535], [0.0, 0.0, 0.0, 1.0]]\n",
      "[[-0.24498319625854492, 0.37383440136909485, -0.8945563435554504, -9.613326072692871], [-0.9695273041725159, -0.09446162730455399, 0.226039320230484, 2.4291255474090576], [2.6491164817343815e-09, 0.9226726293563843, 0.3855842053890228, 4.143670082092285], [0.0, 0.0, 0.0, 1.0]]\n",
      "[[-0.24498328566551208, 0.459957480430603, -0.8534767031669617, -9.613326072692871], [-0.9695273637771606, -0.11622355133295059, 0.21565917134284973, 2.4291255474090576], [1.1964932156161012e-08, 0.880301833152771, 0.4744141101837158, 5.343669891357422], [0.0, 0.0, 0.0, 1.0]]\n",
      "[[-0.2449832707643509, 0.5340256690979004, -0.8091970682144165, -9.613326072692871], [-0.9695273637771606, -0.1349392980337143, 0.20447048544883728, 2.4291255474090576], [2.5058252361986888e-08, 0.8346304893493652, 0.5508102774620056, 6.543670177459717], [0.0, 0.0, 0.0, 1.0]]\n",
      "[[-0.24498318135738373, 0.5967499017715454, -0.7641156911849976, -9.613326072692871], [-0.9695273041725159, -0.1507885754108429, 0.1930791586637497, 2.4291255474090576], [3.932426650976595e-08, 0.7881321907043457, 0.6155059933662415, 7.7436699867248535], [0.0, 0.0, 0.0, 1.0]]\n",
      "[[-0.1629960834980011, 0.38042765855789185, -0.9103334546089172, -9.78287410736084], [-0.9866266846656799, -0.06284873187541962, 0.15039204061031342, 1.616183876991272], [-2.9060526429702804e-08, 0.9226726293563843, 0.3855842053890228, 4.143670082092285], [0.0, 0.0, 0.0, 1.0]]\n",
      "[[-0.16299603879451752, 0.4680696427822113, -0.8685292601585388, -9.78287410736084], [-0.9866266846656799, -0.07732759416103363, 0.14348573982715607, 1.616183876991272], [2.8840013044373336e-08, 0.8803017735481262, 0.4744141101837158, 5.343669891357422], [0.0, 0.0, 0.0, 1.0]]\n",
      "[[-0.16299615800380707, 0.5434441566467285, -0.8234687447547913, -9.78287410736084], [-0.9866267442703247, -0.08977996557950974, 0.136041522026062, 1.616183876991272], [2.0741161677051423e-08, 0.8346304893493652, 0.5508102774620056, 6.543670177459717], [0.0, 0.0, 0.0, 1.0]]\n",
      "[[-0.16299615800380707, 0.6072747707366943, -0.7775923013687134, -9.78287410736084], [-0.9866268038749695, -0.10032513737678528, 0.12846247851848602, 1.616183876991272], [9.803976297462214e-09, 0.7881321907043457, 0.6155059933662415, 7.7436699867248535], [0.0, 0.0, 0.0, 1.0]]\n",
      "[[-0.07986561208963394, 0.384352445602417, -0.9197252988815308, -9.883803367614746], [-0.9968056082725525, -0.030794905498623848, 0.07368984073400497, 0.7919058799743652], [-1.279872208215238e-08, 0.9226726293563843, 0.38558417558670044, 4.143670082092285], [0.0, 0.0, 0.0, 1.0]]\n",
      "[[-0.07986563444137573, 0.4728986918926239, -0.8774898052215576, -9.883803367614746], [-0.9968056678771973, -0.03788941353559494, 0.07030582427978516, 0.7919058799743652], [-1.5535079000983387e-08, 0.880301833152771, 0.4744141101837158, 5.343669891357422], [0.0, 0.0, 0.0, 1.0]]\n",
      "[[-0.07986568659543991, 0.5490508079528809, -0.831964373588562, -9.883803367614746], [-0.9968056678771973, -0.04399086534976959, 0.06665831059217453, 0.7919058799743652], [-2.6022718202511896e-08, 0.8346304893493652, 0.5508102774620056, 6.543670177459717], [0.0, 0.0, 0.0, 1.0]]\n",
      "[[-0.07986565679311752, 0.6135399341583252, -0.7856146097183228, -9.883803367614746], [-0.9968056678771973, -0.04915780946612358, 0.0629446730017662, 0.7919058799743652], [-1.1378666897599032e-09, 0.7881321907043457, 0.6155060529708862, 7.7436699867248535], [0.0, 0.0, 0.0, 1.0]]\n",
      "[[0.0038250454235821962, 0.385581374168396, -0.9226658940315247, -9.915404319763184], [-0.9999926686286926, 0.0014748944668099284, -0.003529264824464917, -0.037926819175481796], [2.6217762183478044e-08, 0.922672688961029, 0.3855842053890228, 4.143670082092285], [0.0, 0.0, 0.0, 1.0]]\n",
